#include "Solution.h"



void Solution::input() {
    
    nNodes = 7;
    nNormals = 5;
    nFictives = 2;
    nRoutes = 3;
    nDays = 3;
    fictiveLink = {0, 0, 0, 0, 0, 1, 2};
    serviceTime = { {15, 15, 15}, {18, 18, 18}, {23, 23, 23}, {45, 45, 45}, {30, 30, 30}, {15, 15, 15}, {18, 18, 18} };
    required = { {1, 1, 1}, {0, 1, 0}, {1, 0, 1}, {1, 1, 0}, {1, 1, 0}, {1, 1, 1}, {0, 1, 0} };
    earliestTime = { {0, 0, 0}, {0, 0, 0}, {0, 0, 0}, {15, 15, 15}, {0, 0, 0}, {0, 0, 0}, {0, 0, 0} };
    lastTime = { {100, 100, 100}, {50, 50, 50}, {30, 30, 30}, {95, 95, 95}, {25, 25, 25}, {80, 80, 80}, {50, 50, 50}, {30, 30, 30} };
    timeMat = { {100000, 12.751, 3.302, 4.6204, 2.6174, 9.0958, 12.751, 3.302},
                {12.751, 100000, 9.8491, 8.2998, 10.341, 5.2756, 100000, 9.8491},
                {3.302, 9.8491, 100000, 2.82, 0.717, 5.809, 9.8491, 100000},
                {4.6204, 8.2998, 2.82, 100000, 2.8158, 5.7838, 8.2998, 2.82},
                {2.6174, 10.341, 0.717, 2.8158, 100000, 6.4784, 10.341, 0.717},
                {9.0958, 5.2756, 5.809, 5.7838, 6.4784, 100000, 5.2756, 5.809},
                {12.751, 100000, 9.8491, 8.2998, 10.341, 5.2756, 100000, 9.8491},
                {3.302, 9.8491, 100000, 2.82, 0.717, 5.809, 9.8491, 100000} };

    solutionList = {1, 5, -1, 4, -1, 6, 3, -1, 0, 2, 1, 5, -1, 4, -1, 7, 6, -1, 0, 1, -1, -1, 6, 3, -1, 0};
}

void Solution::output(){

    int nRoute = 1;
    int nDay = 1;
    std::cout << std::endl << std::endl << " Day 1";
    std::cout << std::endl << "   Route 1 :";
    for (int i = 0; i < solutionList.size(); i++) {
        if (solutionList[i] == 0) 
            continue;
        if (solutionList[i] == -1) {            
            nRoute++;
            if (nRoute > nRoutes) {
                if (nDay == nDays)
                    break;
                nDay++;
                nRoute = 1;
                std::cout << std::endl << std::endl << " Day " << nDay ;
            }
            std::cout << std::endl << "   Route " << nRoute << " : ";
        }
        else {
            std::cout << "=> " << solutionList[i] << " ";
        }
    }
    std::cout << std::endl << std::endl;
}

int calculateObjective(){

}

// Questions: 
// 
// P.25 This pseudo code shows that it calculate the objective function before step 4, but seems like it perform the function againa after step4 and step5. 
// My question is what is the use of objective function before those optimized functions? 
